id,EAP,MWS,HPL
id02310,0.18296819602174003,0.7487365415310857,0.06829526244717436
id24541,0.8088450171031607,0.02242042415391234,0.16873455874292706
id00134,0.22723491774654564,0.017042070885065444,0.755723011368389
id27757,0.6411673394265132,0.011069233892187558,0.3477634266812995
id04081,0.8251244520485219,0.10394573009778375,0.07092981785369432
id27337,0.37854621761250484,0.037571662406785604,0.5838821199807096
id24265,0.571101027939795,0.12298365150690381,0.3059153205533012
id25917,0.17727016218209124,0.5615927718920545,0.2611370659258542
id04951,0.9720447736978796,0.0021756778386387288,0.025779548463481603
id14549,0.7015086026962907,0.16882870057806368,0.12966269672564565
id22505,0.01616030704849456,0.9071423609103638,0.07669733204114172
id24002,0.0009394316114032902,0.0003604001300666064,0.9987001682585301
id18982,0.09383006911366547,0.25979028856674685,0.6463796423195877
id15181,0.01131435327989757,0.0023310582717509516,0.9863545884483514
id21888,0.6730725389507654,0.2251585012366701,0.10176895981256466
id12035,0.14791221288659545,0.779496756342801,0.07259103077060339
id17991,0.2552882330783467,0.554830984291938,0.18988078262971528
id10707,0.9985254088185948,0.0008453751305666885,0.0006292160508385995
id07101,0.18317418145615733,0.7036365418149083,0.1131892767289344
id00345,0.07967442204350679,0.007664708205943358,0.9126608697505499
id05912,0.7552966663314848,0.15537296011197319,0.08933037355654189
id13443,0.950382759195885,0.03638207472126426,0.01323516608285062
id09248,0.3174481469882726,0.5540809822892018,0.12847087072252564
id17542,0.4529367075622904,0.0803905473794157,0.46667274505829387
id06995,0.04628322455126265,0.9069330813113168,0.04678369413742045
id25159,0.7366158926260803,0.18719656773436383,0.07618753963955595
id25729,0.6463327685323392,0.05888624918301847,0.29478098228464233
id26949,0.6842305296982271,0.08996444610527984,0.22580502419649312
id27191,0.16781454817471264,0.7507256334179541,0.08145981840733334
id07668,0.04374477845413373,0.940906478066261,0.015348743479605355
id02230,0.18032159061409014,0.47687886476151026,0.3427995446243997
id15553,0.9837068092384252,0.009089129803392835,0.00720406095818195
id25688,0.029384806635899072,0.017584647277618087,0.9530305460864829
id17545,0.9208554251252417,0.0346346553096877,0.04450991956507049
id13929,0.8350232004906528,0.07149758962255039,0.09347920988679673
id12880,0.33683088345899664,0.5240801820346355,0.13908893450636783
id19282,0.5134956232201584,0.283921887927071,0.20258248885277064
id14690,0.11324407775321768,0.8062932604920697,0.08046266175471256
id17975,0.012615624062377557,0.03283124156391075,0.9545531343737116
id08037,0.615382353801858,0.33979452740511834,0.04482311879302364
id15412,0.15481255598466048,0.8000972378326718,0.04509020618266767
id25032,0.4636277112750948,0.36855045079655535,0.1678218379283499
id27165,0.9894688478697463,0.004988068975807743,0.005543083154445921
id03327,0.7239008237430534,0.1197585009346586,0.15634067532228807
id18515,0.7023843180170529,0.21331716799984743,0.08429851398309965
id21003,0.3314649266095856,0.6014738182184312,0.06706125517198344
id23855,0.06780016851319354,0.13782234622563747,0.7943774852611689
id20724,0.6870740969744522,0.16349613769860613,0.14942976532694152
id13303,0.44733718624831664,0.3830666404229346,0.16959617332874888
id16521,0.005459147808219123,0.908308827474616,0.08623202471716482
id20775,0.993547942113105,0.0007760431903105748,0.005676014696584434
id13029,0.8810660706182878,0.07207023330682275,0.04686369607488931
id14660,0.695339743262371,0.0839357222672128,0.2207245344704163
id11028,0.017191117604639115,0.9719056260915269,0.010903256303834014
id14180,0.8696569621754142,0.06521496378651698,0.06512807403806892
id25860,0.9865959247646665,0.000841375979515698,0.012562699255817754
id11910,0.40264455781232167,0.34704415695022367,0.2503112852374547
id08065,0.31812935297046524,0.5272707501457347,0.15459989688379985
id22674,0.03842640964508039,0.9358960803595064,0.025677509995413208
id25018,0.24224676812125823,0.7125065855261213,0.045246646352620545
id10892,0.04896944524055867,0.08078299453914121,0.8702475602203001
id10217,0.13252860377896175,0.03221784515468248,0.8352535510663558
id12996,0.3987407647562749,0.328062845179625,0.2731963900641003
id18262,0.5589035939477138,0.21810954348338868,0.22298686256889758
id08606,0.004932362459026177,0.0009095140213440015,0.9941581235196298
id17233,0.7429538520805804,0.18032608148948281,0.07672006642993673
id00101,0.5746363047232148,0.17360055643064157,0.2517631388461437
id12225,0.6650448950679777,0.16675796850659685,0.16819713642542541
id01364,0.36877311620642084,0.14927961350594673,0.48194727028763246
id24973,0.7116586515973621,0.18638523710484609,0.10195611129779189
id25363,0.9859200947598443,0.01040977555899447,0.0036701296811611776
id10061,0.530804631900436,0.38802280093674574,0.08117256716281825
id17673,0.24309545539135358,0.14994368522866772,0.6069608593799788
id13249,0.6142736565783259,0.28739034825514426,0.09833599516652988
id10107,0.03839737133393364,0.9344305331698926,0.027172095496173783
id04403,0.9273523752364679,0.039740140191233723,0.03290748457229839
id25728,0.9112945363123027,0.06121914565021244,0.02748631803748476
id16184,0.6179081233578123,0.29476087902708503,0.08733099761510266
id03438,0.06448270389066683,0.9287230874729784,0.0067942086363547765
id22923,0.31138355440653287,0.08478424658827967,0.6038321990051875
id08610,0.9469326520539911,0.029826514252741007,0.023240833693267827
id25355,0.22727072644027266,0.659721469239967,0.11300780431976029
id16916,0.6790023939706092,0.07185869347178055,0.2491389125576103
id12793,0.07697661878309264,0.027357348785819753,0.8956660324310877
id11859,0.5883165315727633,0.3181382457551345,0.09354522267210223
id02434,0.9986545648128387,0.00030944306072858553,0.0010359921264326785
id27703,0.08804178507482233,0.8722557146868215,0.03970250023835609
id25212,0.09411633454360421,0.020754168832559115,0.8851294966238368
id11308,0.352723472453641,0.3750515162247036,0.27222501132165544
id26094,0.8300731982925497,0.08087626783174136,0.089050533875709
id22080,0.7182315195403666,0.07177544720924993,0.20999303325038343
id03545,0.8466903194066014,0.012750876938295876,0.14055880365510262
id23725,0.048249780896114806,0.7971409429886119,0.15460927611527323
id12009,0.8120295914134433,0.13629141695904787,0.05167899162750864
id24241,0.5667977471340641,0.2591214978482185,0.1740807550177174
id03596,0.011431688408656637,0.0345634112139239,0.9540049003774195
id10749,0.2860974037467173,0.2766844972369715,0.43721809901631103
id22794,0.004851917150346264,0.9726378443853366,0.022510238464317173
id15482,0.4562040025603526,0.3480154407410141,0.19578055669863334
id04833,0.596704574159516,0.0346768504358245,0.36861857540465953
id00397,0.22130166699570855,0.7710538487470262,0.00764448425726523
id14691,0.30159001983574063,0.6596636551012521,0.038746325063007146
id05193,0.26922854668431945,0.6572359051342196,0.073535548181461
id19541,0.9275827661860049,0.05849626373107841,0.013920970082916718
id22166,0.00022948108889225404,0.9975330755735992,0.0022374433375083927
id20744,0.16988116321529953,0.7320029296944262,0.09811590709027435
id10392,0.00037426534890619125,0.9993622891355067,0.00026344551558703114
id00770,0.9449168151072597,0.009476878370237186,0.04560630652250327
id06018,0.3381223768239774,0.18596990767755525,0.47590771549846733
id15678,0.1943086322168303,0.7488282921540762,0.05686307562909349
id08305,0.8725799656413158,0.08371147858796339,0.04370855577072084
id08903,0.5554529349142189,0.3181481678983814,0.12639889718739972
id14752,0.718957695965994,0.056329550836779076,0.22471275319722697
id12468,0.13731817134275764,0.05749419439213407,0.8051876342651082
id05085,0.7931816079620336,0.025551511062007377,0.18126688097595905
id21993,0.32902963452470013,0.5874452458728235,0.08352511960247644
id15503,0.713924854248751,0.07446066328000672,0.21161448247124223
id03021,2.266938327867991e-06,4.5737486521153815e-05,0.999951995575151
id16123,0.9944801006340652,0.002282831671467769,0.003237067694466894
id19383,0.9642426389593943,0.01181251465969517,0.023944846380910562
id04186,0.981656799051339,0.008529981660001728,0.009813219288659214
id17954,0.00015808350360174152,0.9996192851615469,0.00022263133485141435
id12030,0.41532068540752437,0.48377117676735515,0.10090813782512043
id13020,0.6633251757651113,0.04314725181124824,0.2935275724236404
id25327,0.03319707993695925,0.03366615058361552,0.9331367694794253
id16344,0.08959049733585164,0.8218292603595324,0.08858024230461595
id12303,0.35178164689232205,0.12911687430481086,0.5191014788028672
id15017,0.9857830011003076,0.005854093925632907,0.008362904974059579
id22308,0.5901731473961129,0.2486169296706451,0.1612099229332419
id06536,0.015392584308126645,0.9191103632294717,0.06549705246240164
id19797,0.3050071917366429,0.2945966414496832,0.4003961668136738
id06332,0.4455207589906178,0.24292468243971474,0.3115545585696674
id22941,0.4651608669578335,0.37099405347230946,0.16384507956985703
id13547,0.058204766702769334,0.7810574811509328,0.16073775214629774
id06928,0.05733665328525625,0.9339118905636229,0.008751456151120917
id12521,0.714755911712036,0.1136791637132423,0.17156492457472178
id25716,0.8326826225236423,0.11871778621780565,0.04859959125855201
id27116,0.012585550002654943,0.983741347043781,0.0036731029535639684
id19941,0.171646493629758,0.03784415087238846,0.7905093554978535
id05711,0.010063244759037054,0.9556996064691862,0.03423714877177689
id02097,0.004553748654810803,0.9761013715446637,0.01934487980052534
id03563,0.04324976527268339,0.028010287735886805,0.9287399469914298
id02295,0.44078018702811816,0.21538219475797163,0.34383761821391023
id08179,0.9999851974078157,6.842106979750323e-07,1.4118381486425675e-05
id05332,0.11330884328754486,0.09686843865959491,0.7898227180528602
id15697,0.7659228424766586,0.14560059794068522,0.0884765595826561
id17026,0.37787012102595696,0.5114869009956251,0.110642977978418
id04243,0.5335051889271462,0.07105789851736388,0.39543691255549007
id13175,0.9985001109598021,0.0002597459799348361,0.0012401430602631896
id05387,0.8742428972266292,0.10155181017665449,0.02420529259671626
id19989,0.7805931102593882,0.10018512026217098,0.11922176947844078
id25173,0.19691797252430324,0.7456863193887772,0.05739570808691961
id08925,0.1360273743448965,0.030318097166302436,0.8336545284888011
id03034,0.03659648935726246,0.14016987305315173,0.8232336375895857
id13272,0.0016860977836329156,0.007546476942893208,0.990767425273474
id07956,0.9459531357410871,0.015566963688472317,0.038479900570440775
id02648,0.19708242120938937,0.697133928503192,0.10578365028741869
id01778,0.49062932255493585,0.48148646932349193,0.027884208121572253
id12846,0.002261023973445204,0.9952501176331765,0.0024888583933783503
id19001,0.35850494202725364,0.5494837409642227,0.0920113170085237
id05763,0.560914492317233,0.3817999415564191,0.05728556612634784
id15590,0.06786789707587546,0.8838509033645028,0.04828119955962185
id04912,0.5192731049669574,0.2133354728288311,0.26739142220421136
id21201,0.7217157491302635,0.16696586536536792,0.11131838550436848
id13215,0.991223894028707,0.0044235921001127484,0.004352513871180354
id15612,0.061749692912991046,0.04494924525785985,0.893301061829149
id18501,0.15217689178776247,0.8052203493427135,0.042602758869524145
id07223,0.467102818809024,0.20683358610687205,0.3260635950841039
id06707,0.5144130909569429,0.27134698340744207,0.21423992563561492
id05238,0.00039544987801055903,0.00016171813405996393,0.9994428319879294
id00935,0.027942772333742417,0.8653730048035947,0.10668422286266296
id00110,0.4282446497809142,0.35706096114094144,0.21469438907814442
id17476,0.9356089117551887,0.006859810059065953,0.05753127818574542
id15170,0.9908101690421873,0.004272129010528906,0.004917701947283734
id13397,0.17741685509819322,0.6427833142580899,0.17979983064371702
id24283,0.3620307232301099,0.057331357849415183,0.5806379189204748
id15234,0.9320750038712781,0.010967145549537956,0.0569578505791841
id16884,0.526572332689918,0.32390395964300833,0.14952370766707362
id07831,0.09031978779836958,0.10389609978122084,0.8057841124204096
id16038,0.8507680359602087,0.05965664121867295,0.08957532282111842
id03629,0.71019506172745,0.17163851000761965,0.11816642826493039
id21019,0.7414915500099457,0.11078061697921888,0.14772783301083542
id21835,0.5207283572242535,0.262743276029343,0.2165283667464037
id04480,0.08023407803571724,0.014100897449234479,0.9056650245150482
id20838,0.5383131601794676,0.08141113920426941,0.38027570061626303
id24195,0.720707004802042,0.18185057587733824,0.09744241932061992
id05448,0.40753751633664365,0.10703459868171028,0.4854278849816461
id15957,0.1860759327840066,0.08927971427147359,0.7246443529445198
id19956,0.0712856113619123,0.8931675943618106,0.03554679427627722
id15104,0.11094160912810902,0.624377686653665,0.2646807042182259
id17559,0.5834895743184791,0.19763806947056553,0.21887235621095533
id16839,0.5649620728754118,0.27840000706126095,0.15663792006332733
id14493,0.5119116667416477,0.3507780845409477,0.13731024871740471
id08833,0.6094798697794768,0.3585966381288535,0.031923492091669815
id15723,0.43042055923590006,0.3506763631979616,0.21890307756613855
id02716,0.9648192418847293,0.003933006646563546,0.031247751468707022
id06689,0.06185765377807443,0.04216289067349599,0.8959794555484296
id18837,0.3335081304610537,0.47347921238801366,0.1930126571509326
id04466,0.9149314315808093,0.0318483344722655,0.05322023394692518
id00686,0.9015113242615935,0.061488335875907324,0.03700033986249922
id09010,0.5861471754104237,0.06612675382158499,0.3477260707679913
id23353,0.8644198616469844,0.08254971745284964,0.05303042090016613
id00066,0.7012062557171086,0.16216697292245255,0.13662677136043896
id15724,0.34806486303622786,0.17122362441652325,0.4807115125472489
id23486,0.3408421267941653,0.62985460684196,0.02930326636387471
id22258,0.12978450755709647,0.8033791452104785,0.066836347232425
id02292,0.6169592851871835,0.22027243989955747,0.16276827491325913
id16356,0.10650765565859432,0.8825475732124411,0.010944771128964463
id00235,0.661442773023262,0.280700711697786,0.057856515278952136
id25522,0.3907984956661537,0.5519711050745465,0.05723039925929989
id04204,0.39057838630147984,0.10033797164214116,0.509083642056379
id22016,0.6858056698981686,0.2095565421842794,0.10463778791755213
id06480,0.034890920718317196,0.017393552174374733,0.9477155271073082
id08718,0.4295767596926928,0.390353680934112,0.1800695593731952
id05251,0.004657019475226788,0.01111150212346502,0.9842314784013081
id03359,0.6900623219486993,0.11891042038867428,0.1910272576626264
id16117,0.1386030678107041,0.8528501900597084,0.008546742129587302
id17000,0.15637998304257605,0.03987377119371623,0.8037462457637078
id01730,0.37892692505249703,0.05382133731932192,0.567251737628181
id00630,0.5757912850090728,0.08522949883333521,0.3389792161575921
id18175,0.2751628376783441,0.6250430729648502,0.09979408935680574
id00907,0.7110118951858696,0.185038003513577,0.10395010130055325
id18251,0.07260654866174805,0.027779772096597374,0.8996136792416545
id25861,0.6872176084672671,0.18077654297272183,0.13200584856001107
id00398,0.5699742274968723,0.16581711810993796,0.2642086543931897
id27573,0.9947596439545313,0.004785084971429337,0.00045527107403917284
id10022,0.006955120900128339,0.03811324340898108,0.9549316356908905
id15901,0.0650456674722835,0.9232150036803174,0.011739328847399026
id00451,0.24621435756879229,0.6756010770728799,0.07818456535832784
id23129,0.05029706139004596,0.020585660125043686,0.9291172784849104
id26498,0.46139148923997697,0.1586617448908656,0.37994676586915743
id14741,0.5890951338057738,0.3776775369330537,0.033227329261172465
id18453,0.19497818262848027,0.7772778299645982,0.02774398740692148
id08309,0.8758922425422339,0.03717523967905681,0.08693251777870942
id00320,0.9853919732030066,0.010180723450652312,0.004427303346340972
id07688,0.29060011486494064,0.647281690495264,0.062118194639795336
id01556,0.036975366561636754,0.959441494742259,0.003583138696104286
id00178,0.2159529842870564,0.511357010416148,0.2726900052967956
id18902,0.13977421660879408,0.6919999145519886,0.16822586883921734
id27002,0.5710103911164381,0.17946684013085173,0.2495227687527101
id21418,0.9966954714816213,0.0015039414463372887,0.001800587072041487
id23018,0.6277949994025546,0.23277922948479504,0.13942577111265045
id07032,0.2567622767901078,0.14247816414356093,0.6007595590663313
id16195,0.17558156281136858,0.797469023620746,0.026949413567885393
id11202,0.2122478189650298,0.35206260545151413,0.43568957558345606
id09578,0.49620737316629515,0.3615545539301414,0.14223807290356358
id26984,0.7197914260191901,0.21728592465463717,0.06292264932617274
id19856,0.024281505457750315,0.0068544946230997385,0.9688639999191498
id12086,0.46266177738999403,0.4514012784471479,0.08593694416285799
id12052,0.13136658634776488,0.7898760646416112,0.07875734901062388
id17728,0.09765005729382098,0.8660855296413216,0.03626441306485734
id24608,0.5778760927013,0.36597050075609433,0.05615340654260564
id21097,0.25521024121625013,0.5394146582064577,0.2053751005772923
id20179,0.0007867036061642269,0.9989743842609893,0.00023891213284640565
id15144,0.5463603388769557,0.18830914436019353,0.26533051676285074
id00206,0.8259465155290122,0.11753524371121951,0.056518240759768315
id22285,0.20673080710500236,0.7372478365113403,0.05602135638365741
id06417,0.12382378653224128,0.17790247138202914,0.6982737420857296
id00215,0.018678989173994482,0.010684417277136107,0.9706365935488693
id04201,0.23926471412006706,0.7198514312548961,0.040883854625036666
id21771,0.871309321550788,0.06394461762513477,0.06474606082407716
id12451,0.2363019921911536,0.50363429647636,0.2600637113324864
id14250,0.03380376367476469,0.17233139154571409,0.7938648447795214
id03433,0.05331867794324503,0.04910196168152983,0.897579360375225
id03303,0.3581913520605114,0.516604389843833,0.12520425809565572
id25901,0.46032477673238653,0.3242728390529633,0.21540238421465024
id06945,0.7760998319547089,0.1400347863510079,0.08386538169428322
id05664,0.166054388689015,0.13780622178809526,0.6961393895228897
id05741,0.9952517610329343,0.000880128877052451,0.0038681100900131073
id10652,0.6586978542038263,0.16666205806902626,0.1746400877271474
id16300,0.838249138065765,0.11380158154149426,0.04794928039274084
id12319,0.3904995888403031,0.3479077914751131,0.2615926196845838
id07500,0.03194280321990117,0.001877439004471654,0.9661797577756271
id12478,0.46749149120644684,0.3079627910547306,0.22454571773882262
id03076,0.47141652055581157,0.5033786607060677,0.025204818738120614
id00969,0.36095968520685046,0.22859801060430374,0.4104423041888459
id23636,0.16572736438871002,0.12792665679121254,0.7063459788200775
id09791,0.33989198726793846,0.5182679179270908,0.14184009480497065
id05680,0.06540777175172521,0.2787318646750116,0.6558603635732633
id03672,0.07756349453809215,0.4092887486846355,0.5131477567772723
id04286,0.03745794339951345,0.04662789227196055,0.915914164328526
id23883,0.02004202003480487,0.649709472847666,0.3302485071175291
id11914,0.39615436839737844,0.3733863305854722,0.23045930101714934
id20974,0.020408753999867146,0.010218832202174202,0.9693724137979586
id26125,0.11859576234117089,0.7457444005294779,0.1356598371293514
id15543,0.3845789569314114,0.5079821273864991,0.10743891568208941
id19471,0.9361849130105926,0.049981029506524756,0.013834057482882621
id11503,0.7685569519375065,0.11515625569380238,0.11628679236869106
id09321,0.013874051313828085,0.12141532675579193,0.86471062193038
id25560,0.000655901777720466,0.9957971973307805,0.003546900891499146
id06726,0.5020064115012615,0.28440975455260803,0.2135838339461305
id05709,0.8750379586907141,0.09418760598391415,0.030774435325371868
id09788,0.47821271333599696,0.24906667358261247,0.2727206130813905
id05289,0.9859658491120803,0.004733103900545042,0.00930104698737464
id11815,0.12927683399196813,0.08025508640509428,0.7904680796029376
id22422,0.5409695190116787,0.3020612393771787,0.15696924161114267
id25954,0.8592221301599767,0.1214807382156553,0.019297131624367893
id13601,0.4286516808439963,0.2491653353962583,0.32218298375974547
id05677,0.9476441384988881,0.03837672485643694,0.013979136644675004
id10498,0.003640176693018308,0.0009249674700266931,0.9954348558369549
id02665,0.3080322174866711,0.12116372368351666,0.5708040588298123
id10114,0.047793475046206,0.019832647067465133,0.9323738778863289
id26314,0.7822759439680801,0.09413071902120945,0.12359333701071047
id21240,0.37394400935579813,0.3678892034503699,0.2581667871938319
id15569,0.8845795655233899,0.0706100753983127,0.04481035907829732
id25928,0.18015888471144328,0.7672195125554383,0.05262160273311835
id22706,0.3106409146069623,0.01775536755426004,0.6716037178387777
id20877,0.0031921384753321345,0.06576776787931769,0.9310400936453501
id04318,0.8165051867315753,0.10736010623476169,0.07613470703366287
id18299,0.10561271444612541,0.09140305874478155,0.8029842268090931
id08126,0.08283094886985606,0.8959244632500559,0.021244587880087942
id14293,0.4075988513045367,0.5767477716108609,0.015653377084602352
id12759,0.9187170564285094,0.028513641552260983,0.052769302019229476
id11983,0.65097176460374,0.3144736659486182,0.03455456944764198
id05580,0.22469374834377862,0.08994301492344803,0.6853632367327734
id25846,0.5002006705273592,0.1946337158851382,0.30516561358750255
id01939,0.38104699351764076,0.5192027336551209,0.09975027282723828
id26327,0.29547317207913004,0.4141464176226187,0.2903804102982513
id11068,0.021584861104495243,0.9705774216118315,0.00783771728367325
id08404,0.7669322766019758,0.22435533618924564,0.008712387208778647
id27189,0.19397662064033702,0.011901335537752944,0.7941220438219101
id15119,0.1084542581323047,0.2051997321612232,0.6863460097064721
id26525,0.961435876898836,0.015206560517357331,0.023357562583806682
id03618,0.8072416222508509,0.10042789907174847,0.09233047867740055
id27220,0.9889268858365191,0.004736343691324824,0.006336770472156136
id18777,0.33184793384117484,0.5492471954066884,0.11890487075213682
id20213,0.9162563326451796,0.0518495128771648,0.03189415447765564
id20403,0.8339747894119359,0.05236225217077602,0.11366295841728787
id03777,0.191046761643633,0.780409077741993,0.0285441606143741
id10595,0.0834833065024775,0.12293046495168004,0.7935862285458425
id13816,0.5891243421158168,0.3838208347216006,0.02705482316258254
id05667,0.04281724904825017,0.936026136693503,0.021156614258246755
id24629,0.4583390008294509,0.3937444988224578,0.14791650034809126
id20398,0.2234174857512469,0.6655324689154167,0.1110500453333363
id14108,0.06024303375840639,0.9138232594259168,0.025933706815676753
id06196,0.03712047533844268,0.016747136797578603,0.9461323878639788
id02800,0.38214088217022185,0.18608719163800158,0.43177192619177657
id18732,0.17798030826369252,0.06368379787268887,0.7583358938636188
id11915,0.03323966758609168,0.03782289192383487,0.9289374404900734
id09739,0.5859636377107036,0.23505306173224852,0.17898330055704775
id24672,0.8907318756750953,0.052079577761022317,0.05718854656388225
id00414,0.0072604110029607,0.6920892748612568,0.3006503141357825
id16307,0.7565094069987286,0.08224418082134775,0.16124641217992378
id14043,0.11615870625849938,0.815683879977028,0.06815741376447265
id00517,7.938910579916578e-07,0.999970832177908,2.837393103385629e-05
id09744,0.9826825338261864,0.008042520405170152,0.009274945768643388
id19257,0.8309805834144218,0.09325830482261237,0.07576111176296589
id15437,0.44194435355256123,0.0697246361806865,0.4883310102667522
id16352,0.4051208608700878,0.5104399579280929,0.08443918120181929
id18849,0.3689784960476718,0.5449765910500572,0.08604491290227109
id19434,0.00839818787953064,0.009621998900273602,0.9819798132201959
id17928,0.20833788862520738,0.7494630663669601,0.04219904500783254
id16896,0.22911198393072457,0.7557629147528351,0.015125101316440246
id02135,0.3816838677323416,0.3354547533422951,0.28286137892536345
id15075,0.6690920903141807,0.20908217051264796,0.12182573917317127
id27486,0.003683814757208976,0.00261898274275208,0.993697202500039
id19422,0.7876648815965095,0.15879286012344965,0.0535422582800409
id09603,0.25948973693633365,0.18413221341962402,0.5563780496440422
id02133,0.16455424443038413,0.20008076062715155,0.6353649949424642
id03441,0.6179276753211367,0.29033967418181006,0.09173265049705327
id02398,0.04460127764875464,0.012911367910656429,0.942487354440589
id05152,0.21721125811628053,0.5194137852998288,0.2633749565838907
id17838,0.7165476021098067,0.2250147124003565,0.0584376854898369
id25060,0.8479658959950861,0.04666498367271668,0.10536912033219732
id09998,0.19112291321894956,0.6567204922654459,0.15215659451560448
id01828,0.15174965534137802,0.07327307926275879,0.7749772653958633
id25377,0.5732300759009287,0.30486253728119994,0.12190738681787135
id22175,0.1267811750574452,0.07355136291281378,0.799667462029741
id02974,0.0377298767164631,0.9450428147114738,0.01722730857206326
id26955,0.9623838892083073,0.006911210522821064,0.030704900268871738
id21091,0.9648765413105622,0.009038675685110575,0.026084783004327275
id12802,0.8233121725730529,0.09760782960196292,0.07907999782498412
id07432,0.0007292700532690961,0.0006084234455228149,0.9986623065012081
id18749,0.49936355839551594,0.3661092016223845,0.1345272399820997
id15030,0.0045429905396885345,0.9648717556439375,0.030585253816374017
id17155,0.15947593135741772,0.34327791422022513,0.4972461544223572
id08128,0.033347177631231684,0.2819754742031315,0.6846773481656367
id25706,0.004217766950727747,0.21379058625668443,0.7819916467925877
id15645,0.6831107381057837,0.04775836880813093,0.2691308930860853
id04943,0.9644554078911319,0.020535964212534737,0.015008627896333277
id27566,0.0023789889024223732,0.992196353384902,0.005424657712675685
id11765,0.30345395242438344,0.521964284433239,0.1745817631423776
id13783,0.5150679898126541,0.11110783573182023,0.3738241744555256
id00492,0.029755863921560953,0.8844353339723902,0.08580880210604881
id27636,0.24954774632259527,0.597028026700456,0.15342422697694882
id04273,0.6690359097628568,0.13917496799339718,0.19178912224374606
id02537,0.5039518518524648,0.2694050854508742,0.2266430626966609
id24349,0.2334530454234041,0.029481645453479817,0.7370653091231161
id00023,0.004300959377619517,0.04625397273435972,0.9494450678880206
id23025,0.3336710011664479,0.030472708098498152,0.6358562907350539
id08722,0.7445922340526056,0.14331601615405512,0.11209174979333941
id02420,0.9886593571976074,0.003804354308221827,0.007536288494170675
id10811,0.7747284907554781,0.09165723759553071,0.13361427164899123
id04019,0.0023658867872953476,0.9964344132161862,0.001199699996518551
id18334,0.8398968969570909,0.059828979228117946,0.10027412381479123
id16781,0.3455029898905267,0.17767053385224155,0.4768264762572316
id08773,0.4496576790813337,0.041315060623188855,0.5090272602954774
id19214,0.5913765835471025,0.2046384034607511,0.20398501299214633
id09589,0.040596060793858364,0.18455674919584014,0.7748471900103014
id24246,0.7406365948233175,0.15838045813308857,0.100982947043594
id23577,0.666596332204727,0.04817710358156869,0.28522656421370424
id09305,0.7251675626180503,0.17156670026553297,0.10326573711641672
id16460,0.6529638932763362,0.24217037768662922,0.10486572903703463
id21115,0.6859154759767104,0.13583126447863797,0.17825325954465152
id25996,0.39529364970774555,0.425054887562774,0.17965146272948043
id02551,0.1400438156378433,0.7732508731358145,0.0867053112263423
id19352,0.06701639146838911,0.9275622741230157,0.005421334408595101
id03806,0.33983442350398535,0.5598351253775283,0.1003304511184864
id26544,0.8310739449743525,0.08166651385036905,0.08725954117527852
id18761,0.87362466557195,0.07049282818687623,0.055882506241173795
id24148,0.6006924313311782,0.009037531486446747,0.39027003718237496
id16095,0.08631861517996127,0.1814656542577907,0.732215730562248
id18442,0.7849614964005327,0.170933404185118,0.044105099414349244
id22596,0.0016203702536257694,0.997670934796206,0.0007086949501681077
id23002,0.16161913021198923,0.6902284941651695,0.14815237562284123
id04797,0.9456617634904894,0.0409616374393205,0.013376599070189989
id06610,0.10995854561718034,0.8555458158792189,0.03449563850360076
id16173,0.4921310757304093,0.1913902848552985,0.3164786394142922
id18292,0.5090993856688957,0.3037558746956361,0.18714473963546832
id27328,0.9176669482432079,0.05402503193235531,0.02830801982443661
id01695,0.17904017731991526,0.056710219995895046,0.7642496026841897
id05761,0.48418481077530534,0.47522478491682363,0.04059040430787104
id16354,0.9201101932393123,0.04818912144380804,0.031700685316879786
id12207,0.2503366872514978,0.45889491487842043,0.29076839787008185
id05665,0.05383286524529118,0.9440640358696409,0.002103098885067898
id01911,0.9034418021921833,0.03229553053156886,0.06426266727624791
id19153,0.10862424735063671,0.8438558778947645,0.047519874754598845
id10295,0.5985350238428926,0.28762108560081173,0.1138438905562957
id23038,0.6980351933254378,0.08989281534747187,0.2120719913270902
id23783,0.5267452156922638,0.018781733143306046,0.45447305116443004
id27879,0.6472724323891605,0.027118798245867826,0.32560876936497163
id19190,0.30359797293855645,0.025009668571049935,0.6713923584903936
id05065,0.9110866817314378,0.052577233610341195,0.03633608465822113
id21296,0.13969511457286096,0.18014599307028328,0.6801588923568559
id13262,0.21518157860603604,0.5104570631311532,0.2743613582628109
id10333,0.9215246908073986,0.062304344676031354,0.01617096451657007
id16677,0.1035781620899177,0.3809621507068004,0.5154596872032818
id01392,0.5170492660000532,0.42909853439324264,0.05385219960670409
id27874,0.5354226119620542,0.27288405483282874,0.19169333320511694
id02294,0.07669017286083828,0.16820695525068527,0.7551028718884764
id18298,0.03505894668051874,0.9325565111311851,0.03238454218829615
id06997,0.9735103203151958,0.01787367671752964,0.008616002967274538
id05243,0.3949174177767695,0.3900038669522401,0.21507871527099048
id00860,0.10256573015613582,0.2981735968097193,0.5992606730341449
id26681,0.9767545354842608,0.00379899504983229,0.019446469465906772
id06020,8.703052154343095e-05,0.9999027596791985,1.0209799257916397e-05
id27683,0.8097329344422246,0.11839332972718748,0.07187373583058786
id17655,0.016943633790845975,0.0003398144079947009,0.9827165518011595
id08817,0.08256181508264884,0.696932642488649,0.22050554242870218
id11512,0.013633903875088093,0.9180297314086325,0.06833636471627932
id00478,0.05292758838749436,0.9063850841699311,0.0406873274425745
id02116,0.975535270982149,0.010350155618969696,0.01411457339888142
id06746,0.9716028817392153,0.01156958231088111,0.016827535949903834
id03863,0.37633369911918635,0.21138638315244557,0.412279917728368
id01802,0.1255116728212226,0.3397218315121223,0.534766495666655
id11682,0.6293470547213346,0.3496784742702732,0.020974471008392045
id04033,0.013282989874637855,0.02097554891497615,0.9657414612103861
id09286,0.0801081247420007,0.1086296371764017,0.8112622380815976
id12904,0.7559250554501021,0.025205046625575354,0.21886989792432252
id07420,0.0073772446933954745,0.9854759181606713,0.00714683714593321
id22398,0.0001763383541755197,0.0027554971425313973,0.9970681645032932
id00424,0.14788886491039321,0.811907677607817,0.040203457481789814
id20960,0.8325233525745995,0.03512187213613872,0.13235477528926184
id10267,0.6260972761682595,0.2293329069406717,0.1445698168910687
id19330,0.44269422926174795,0.5181270649409149,0.039178705797337246
id00994,0.05085750849699988,0.15500981827688765,0.7941326732261125
id10785,0.570466054276066,0.19540939607202457,0.23412454965190943
id00955,0.14585170458506524,0.12810643034987174,0.7260418650650631
id09757,0.05127438426519823,0.015563109257292406,0.9331625064775094
id10030,0.418576646982546,0.5117692289217517,0.06965412409570243
id22952,0.19698518604232312,0.5938457589373959,0.20916905502028102
id21955,0.006482391554280517,0.9724024787761855,0.02111512966953397
id07674,0.6206018697248945,0.2760723620885252,0.10332576818658029
id13760,0.024115737300483414,0.004319555427004364,0.9715647072725121
id18166,0.7940702759143933,0.17945214033879167,0.02647758374681504
id23498,0.9156882311952487,0.0384942604646999,0.04581750834005146
id05296,0.8250218498149045,0.12360677347948398,0.051371376705611656
id26709,0.5909603005221257,0.2685288723082253,0.14051082716964913
id02853,0.8866093860968528,0.0355539712442418,0.07783664265890555
id06800,0.32937637023820315,0.3806866191344057,0.28993701062739113
id14758,0.22369949920130008,0.06273321171533966,0.7135672890833602
id12356,0.8788401553500989,0.027212311788735576,0.09394753286116571
id21492,0.478920911816648,0.24950264144075396,0.2715764467425979
id27540,0.45353329276026844,0.5274670718735357,0.018999635366195818
id07376,0.12373218293060634,0.06727394543822966,0.808993871631164
id15201,0.7733567041482037,0.04965690789538581,0.17698638795641053
id23388,0.02306935088666322,0.04893520141322717,0.9279954477001097
id13923,0.021274200743163076,0.029442659671338446,0.9492831395854986
id00794,0.03406017639422945,0.010441404085599253,0.9554984195201712
id23910,0.19938999778497377,0.6082122538401636,0.1923977483748625
id02556,0.2307862771423138,0.6054037442776755,0.16380997858001065
id22151,0.0021092768164927725,0.0026442992315829717,0.9952464239519242
id11698,0.2898536742082573,0.23355718469156522,0.47658914110017747
id11627,0.43174224054702753,0.41603900529959487,0.1522187541533776
id06340,0.9941912867277032,0.0023386972798726175,0.0034700159924241766
id05123,0.8392197018800595,0.09770098434918632,0.06307931377075421
id26620,0.031134818391568606,0.9596534980009422,0.009211683607489269
id04002,0.18268070942639528,0.5185592808745199,0.29876000969908484
id26554,0.8925428216428588,0.08255622435307765,0.024900954004063516
id18012,0.12448590752499372,0.35132510650573334,0.5241889859692729
id12964,0.21840523379122176,0.6625851388906921,0.11900962731808608
id18965,0.2272622873762305,0.5665085169626946,0.2062291956610749
id19082,0.20391453635158904,0.6995018059146443,0.09658365773376672
id26742,0.0202699187655577,0.9648022539379194,0.014927827296522814
id15442,0.37600045641126634,0.2139414141074052,0.4100581294813285
id16647,0.584861339625901,0.25738967028302706,0.1577489900910718
id11544,0.308382477641264,0.6455502266770705,0.046067295681665524
id20581,0.3936375778648062,0.392574973949715,0.2137874481854786
id13192,0.31660304291764113,0.4330548427859548,0.25034211429640413
id15814,0.6856741709970303,0.17883900024153535,0.13548682876143428
id26279,0.32330493300342933,0.028124847643111784,0.648570219353459
id00240,0.8930633972727351,0.05906912396717492,0.047867478760090204
id22836,0.9459212543926854,0.01061800631571052,0.0434607392916041
id15085,0.05104158191346507,0.20091138313599965,0.7480470349505353
id17495,0.5820353719280014,0.34995224837650346,0.06801237969549541
id26762,0.6658331546448871,0.10230494546164567,0.23186189989346717
id13685,0.872176609802098,0.11879957850912357,0.009023811688778418
id16560,0.10022389656514491,0.012088926824455382,0.8876871766103996
id17184,0.0008349700550314107,0.0013384604848110599,0.9978265694601575
id21635,0.9973999660826804,0.0013600600663121487,0.0012399738510073532
id26751,0.3301445967689255,0.09899733722644315,0.5708580660046314
id12351,0.22594243538667452,0.6224324187522026,0.1516251458611231
id14872,0.6518500445527166,0.18436089649939302,0.16378905894789048
id18372,0.633624199217022,0.19463671851525577,0.17173908226772236
id26851,0.49294419837148123,0.2889202116530723,0.21813558997544635
id22659,0.3614027403031937,0.009290963054771392,0.6293062966420349
id04102,0.030037184859561687,0.9564721100495283,0.013490705090909884
id02353,0.1757379682765712,0.02910621462176851,0.7951558171016603
id26721,0.9727366949115132,0.005333808380767519,0.021929496707719126
id11171,0.4798997875001733,0.3713508526313774,0.14874935986844925
id13562,0.45223503657416986,0.2347133972465981,0.31305156617923213
id26425,0.7768697650307707,0.13745541986296825,0.08567481510626108
id26394,0.2974655349953277,0.4315595838193201,0.2709748811853521
id22187,0.5097032825368313,0.21878369943255843,0.2715130180306103
id00422,0.9996554486795926,0.0001908329062611955,0.00015371841414636632
id22667,0.0007973483158152567,0.00018361245772355122,0.9990190392264613
id00911,0.6490467619576192,0.16019194966357997,0.19076128837880085
id17291,0.5106625774481014,0.402930305727567,0.08640711682433165
id01915,0.26523181429091663,0.7006357857965414,0.034132399912541966
id01434,0.32622008394912355,0.5545334117874086,0.1192465042634679
id01584,0.6029173384492046,0.26411918268595846,0.13296347886483692
id09266,0.8684356099311168,0.12036090513720615,0.01120348493167694
id17494,0.2710306360327539,0.059920065839467594,0.6690492981277786
id24919,0.1777650265255797,0.48044412923950036,0.3417908442349199
id21043,0.00763715941907333,0.9922909045102077,7.193607071901646e-05
id17796,0.023036722544357482,0.009706296574047342,0.9672569808815952
id02166,0.18726659443238655,0.5350627369412349,0.27767066862637857
id17503,0.9561282634733645,0.041056079318763386,0.0028156572078721818
id21203,0.5548066398074938,0.2716159454483248,0.17357741474418148
id25626,0.9987652842652054,0.0003648765618866453,0.0008698391729081624
id09836,0.941816556893441,0.010365696013702996,0.04781774709285604
id24202,0.111024010059602,0.6931856195305354,0.19579037040986272
id27260,0.2623349059316014,0.36995191829725005,0.3677131757711486
id23167,0.03088009963863435,0.9632692218939927,0.005850678467372957
id10393,0.23326293498391962,0.10911307243289467,0.6576239925831857
id01171,0.7589864203308541,0.023516579899700973,0.217496999769445
id06380,0.9705926236399499,0.018178266668228176,0.011229109691821797
id22686,0.48091196047340007,0.4962330793024134,0.022854960224186524
id26250,0.4286809163481698,0.43525427837330766,0.13606480527852252
id09315,0.4478710315517549,0.10730846317690423,0.44482050527134104
id00886,0.30693972511531675,0.22750313484779003,0.4655571400368932
id03101,0.4696810267619722,0.3346499177590875,0.19566905547894017
id12367,0.5364859277731117,0.3311190145069298,0.1323950577199585
id10770,0.6871344693588353,0.22377564528353333,0.0890898853576315
id14949,0.019683334958873335,0.002698183694693126,0.9776184813464336
id14141,0.022726580751758655,0.016577575465710884,0.9606958437825304
id25417,0.6050954170213054,0.1431168528844529,0.25178773009424177
id26873,0.513196493412096,0.46352459873311214,0.023278907854791808
id10818,0.14577156692837778,0.8110264385114637,0.043201994560158434
id15146,0.6301650072850619,0.2777254793398848,0.09210951337505353
id23328,0.7178445513134476,0.0378588384042697,0.24429661028228267
id16765,0.4202193696844371,0.2220301072155648,0.35775052309999816
id24383,0.9283353734170438,0.06602224684145878,0.00564237974149751
id21304,0.7883699938897887,0.0854444702353662,0.12618553587484524
id12551,0.14937454025875965,0.009664369577563217,0.8409610901636771
id23274,0.046784752788496003,0.8839942809540079,0.069220966257496
id08117,0.5276435879457345,0.2696725331440956,0.20268387891016987
id23961,0.8599427380981945,0.09030533049453415,0.04975193140727128
id13865,0.053131569106778215,0.03155532953287783,0.9153131013603439
id22807,0.22483654949549886,0.7224551860507528,0.05270826445374832
id08951,0.23579813480076484,0.5456156966814412,0.21858616851779392
id18684,0.9494956583782735,0.026282929264916603,0.02422141235680985
id25179,0.41516175504950553,0.42553254762734255,0.159305697323152
id27033,0.7436044787457441,0.18148054048157683,0.07491498077267918
id13977,0.2062857176406397,0.3190749830366711,0.4746392993226891
id19337,0.0011025032565701043,0.006372368635801858,0.992525128107628
id25764,0.027544596482169684,0.02115599082949107,0.9512994126883393
id16106,0.17686644540346205,0.46884964024700393,0.354283914349534
id05468,0.05467530859267784,0.9326278479698824,0.012696843437439818
id05241,0.9809080426345554,0.009526166358853894,0.009565791006590505
id10215,0.7749764947728482,0.12039885028423032,0.10462465494292134
id23457,0.02528985304129011,0.8881078347035353,0.08660231225517474
id02200,0.9058263050148952,0.019619110944575375,0.07455458404052925
id13714,0.2783843068774583,0.1097861847067539,0.6118295084157878
id20332,7.555162880077344e-05,0.9998513827944565,7.306557674281554e-05
